    0.00328724 
    0.00439084 
    0.00643312 
    0.00711636 
    0.00742264 
    0.00951452 
    0.01340440 
    0.01598610 
    0.02956280 
    0.02974880 
    0.03188290 
    0.03193120 
    0.03195230 
    0.03200560 
    0.03243840 
    0.03443980 
    0.04095350 
    0.04105890 
    0.04119780 
    0.04229890 
    0.04236460 
    0.04256550 
    0.04263620 
    0.04632520 
    0.04804260 
    0.04859810 
    0.04912630 
    0.04918340 
    0.04923050 
    0.04924780 
    0.04927020 
    0.05143020 
    0.05159270 
    0.05167080 
    0.05173650 
    0.05189520 
    0.05741450 
    0.05753850 
    0.05771950 
    0.05787820 
    0.05824650 
    0.05934640 
    0.06062110 
    0.06159080 
    0.06333670 
    0.06339870 
    0.06346570 
    0.06362070 
    0.06369260 
    0.06373850 
    0.06376080 
    0.06409560 
    0.06442300 
    0.06739400 
    0.06755400 
    0.06766060 
    0.06794700 
    0.06799660 
    0.06806110 
    0.06937430 
    0.06943130 
    0.06943630 
    0.06950940 
    0.07184680 
    0.07189150 
    0.07201050 
    0.07204150 
    0.07425000 
    0.07679200 
    0.08000980 
    0.08122740 
    0.08126590 
    0.08128820 
    0.08134770 
    0.08136880 
    0.08245260 
    0.08286180 
    0.08322140 
    0.08510120 
    0.08518300 
    0.08524260 
    0.08526240 
    0.08533310 
    0.08540620 
    0.08544590 
    0.08572620 
    0.08584020 
    0.08593450 
    0.08601260 
    0.08646400 
    0.08714100 
    0.08736300 
    0.08749690 
    0.08760480 
    0.08783420 
    0.08819870 
    0.08836240 
    0.08858680 
    0.08902700 
    0.09031540
    0.09133220
    0.09137310
    0.09144260
    0.09152070
    0.09267140
    0.09323440
    0.09391510
    0.09576640
    0.09602440
    0.09606530
    0.09607520
    0.09610740
    0.09617560
    0.09620040
    0.09629100
    0.09634920
    0.09993280
    0.10002300
    0.10026800
    0.10067400
    0.10302200
    0.10604100
    0.10900100
    0.10954000
    0.11100600
    0.11171700
    0.11381100
    0.11762000
    0.11820100
    0.11988400
    0.11993500
    0.12001200
    0.12005900
    0.12111300
    0.12114300
    0.12126100
    0.12152000
    0.12158600
    0.12560700
    0.12604700
    0.13589700
    0.13688700
    0.13693400
    0.13700500
    0.13733500
    0.13766200
    0.13768300
    0.13771200
    0.13775500
    0.13782600
    0.13960400
    0.13979800
    0.14075200
    0.14393300
    0.14503500
    0.14942500
    0.14965600
    0.14971900
    0.15019700
    0.15028700
    0.15070300
    0.15138800
    0.15154000
    0.15155900
    0.15173300
    0.15184800
    0.15355000
    0.15425200
    0.15739700
    0.15748500
    0.15757100
    0.15759000
    0.15770400
    0.15791200
    0.15900000
    0.15911300
    0.15925300
    0.16140100
    0.16265700
    0.16275600
    0.16277500
    0.16298100
    0.16415600
    0.16421300
    0.16432400
    0.16438900
    0.16721000
    0.16732600
    0.16735500
    0.16744000
    0.16746800
    0.16760500
    0.16771600
    0.16800500
    0.16904800
    0.17278800
    0.17426200
    0.17666700
    0.17839500
    0.17962500
    0.17963900
    0.17970200
    0.17972600
    0.17982000
    0.18001200
    0.18003100
    0.18011900
    0.18027200
    0.18038300
    0.18097700
    0.18112900
    0.18183900
    0.18387100
    0.18602700
    0.18753400
    0.18762400
    0.18769400
    0.18789100
    0.19061200
    0.19067200
    0.19073800
    0.19224800
    0.19337700
    0.19474400
    0.19483400
    0.19490600
    0.19508900
    0.19523600
    0.19581600
    0.19585400
    0.19599600
    0.19613100
    0.19633400
    0.19657500
    0.20270200
    0.20311000
    0.38434200
    0.38467000
    0.38491800
    0.38527900
    0.38556100
    0.38591000
    0.38687100
    0.38726900
    0.38813500
    0.38859400

